0.0465365
0.0523551
0.0425447
0.0306457
0.0269747
0.015647
0.0192658
0.0165583
0.0161893
0.0161328
0.0163159
0.0166126
0.0164527
0.0164164
0.016457
0.0164523
0.0165686
0.0163308
0.0165716
0.0168034
0.0189972
0.0193496
0.0175492
0.0180684
0.0168081
0.0173456
0.0171669
0.0169903
0.017069
0.0184105
0.0168025
0.0168192
0.0171972
0.016903
0.0172451
0.0167585
0.0172049
0.0170963
0.0171126
0.0166999
0.0172695
0.0172524
0.0169864
0.0176801
0.017252
0.0170711
0.0169368
0.0170715
0.0170591
0.0171699
0.0176382
0.0171981
0.0172909
0.0179037
0.0171853
0.0172434
0.0200839
0.0204735
0.0170433
0.0173127
0.0171532
0.0176326
0.0196866
0.0222975
0.0181719
0.0196815
0.0173213
0.0174714
0.0172451
0.017722
0.0174795
0.0178349
0.017775
0.0176916
0.0173435
0.0176967
0.0177541
0.0175253
0.0290762
0.0390906
0.0180624
0.0177553
0.0175988
0.0176134
0.0181188
0.0181834
0.0181975
0.0176882
0.0179208
0.0179953
0.018133
0.0181308
0.0177194
0.0182343
0.0191461
0.018035
0.0182574
0.018097
0.0182168
0.0189156
0.0184605
0.0195951
0.0180958
0.0180748
0.0183566
0.0180094
0.0180761
0.0180953
0.0182249
0.0181176
0.0181881
0.017988
0.0183241
0.018502
0.0185739
0.0180414
0.0188634
0.0183087
0.0186149
0.0189412
0.0191525
0.0179743
0.0182189
0.0180975
0.0180902
0.0179354
0.0181094
0.0181749
0.0195297
0.0180384
0.01839
0.0374274
0.0473422
0.0395849
0.0192402
0.0180115
0.0184674
0.0186218
0.0181133
0.0179615
0.0179166
0.0180799
0.0182437
0.0181184
0.0184084
0.0182527
0.0179213
0.0179067
0.0181005
0.0180641
0.0175629
0.0178511
0.0178627
0.0178759
0.0179914
0.0176792
0.0177737
0.0180722
0.0177331
0.0175107
0.0183271
0.0177216
0.0181744
0.0198431
0.0177934
0.0176677
0.0178554
0.0182215
0.0180461
0.0177374
0.0175377
0.0176561
0.0175167
0.0176779
0.0172037
0.0174132
0.0171943
0.0175389
